CircularBND
522.8212331344761878 355.6293351574584563 54.05364663351514309 6.403309523239604673
CircularBND
707.6242448971387375 1019.284131296411715 59.33399896479024704 7.960080027546544201
CircularBND
466.2828531601476243 608.2572003837707371 57.10807434578686781 7.159918002457629882
CircularBND
733.7810521616574988 66.34615687508456006 57.91308814601197952 6.261657455896087576
CircularBND
392.7823148212150386 810.4162913367379133 43.952234718812079 6.130619960018162118
CircularBND
319.086362883422396 746.8925446371422368 55.11190887461699361 9.28962762440851364
CircularBND
497.5507164337101926 1021.542116116219631 49.31202715213786547 7.278433778805687204
CircularBND
193.1639091457954294 283.7835196795668367 46.27580990040790709 7.638304153399527507
CircularBND
149.457297965221926 534.7829772011288014 53.37075818400010263 7.047071966179396796
CircularBND
473.7160908329341851 1011.432952019040727 50.68925714931697968 8.310360842057416875
CircularBND
957.1915044916974011 483.2375925439429238 54.33700224976465165 6.791189044050954138
CircularBND
858.1926823262999733 194.409833826557815 47.50235099654696569 7.221950878082200376
CircularBND
627.4478764121630547 469.6620424006684402 44.82988209239999122 9.838802505934282294
CircularBND
650.2317087799990531 164.7796262390616846 49.93742307977576189 6.444469207251550813
CircularBND
947.7167768636539904 504.1463563233469358 40.76688947675814489 8.674458068774521635
CircularBND
702.0343663586143066 282.6851891107840515 41.80506947850098953 9.29968973095045115
CircularBND
103.1014831323266492 409.525662777261573 58.29116938819588967 8.261800068350122928
CircularBND
555.5335022418158815 232.2848562572343667 52.20397703670151657 8.623030942503906005
CircularBND
1000.769409893246348 984.8407442614754927 47.38713860454127058 6.700178894857644174
CircularBND
842.5590254867818203 896.0595895352482785 45.11248010295958721 8.114912391450216589
CircularBND
777.3902215440946293 768.4605671156825792 52.71463904687377067 7.768030409560688021
CircularBND
245.5713207153500832 999.7795174393602338 50.97957780503536185 6.50736963344899344
CircularBND
359.5938112671929048 778.4129778624200071 50.33612018207629291 9.877181286435426699
CircularBND
769.3760645993587559 854.8320598632602696 55.52383822326571305 7.229816250310337367
CircularBND
971.5353756697157905 623.1785632167432141 55.09612423565062045 8.014365182460171155
CircularBND
842.7985613215286094 148.2267027267885169 49.22235364704636851 9.914810461105068029
CircularBND
193.7114249429586721 638.6612775259217187 45.97148937120283563 6.057757827638393877
CircularBND
824.1654653455350399 72.89223712520879417 40.49631116862361324 6.651997156890770313
CircularBND
564.1590499077874483 272.779858965079427 44.74104962172057753 9.823819935097310108
CircularBND
821.1289555988901157 438.4455761424131879 42.04610754600270184 8.867544248858022726
CircularBND
455.5879895492420815 353.2372213940395795 43.17240697734576571 6.895370585523300733
CircularBND
486.2377331744620506 484.0274814210310979 47.41447162932932002 6.291480746231855825
